
15377700
0 (1, 8, 9)
1 (5, 27, 32)
2 (1, 48, 49)
3 (1, 63, 64)
4 (1, 80, 81)
5 (32, 49, 81)
6 (4, 121, 125)
7 (3, 125, 128)
8 (1, 224, 225)
9 (1, 242, 243)
10 (2, 243, 245)
11 (7, 243, 250)
12 (13, 243, 256)
13 (81, 175, 256)
14 (1, 288, 289)
15 (100, 243, 343)
16 (32, 343, 375)
17 (5, 507, 512)
18 (169, 343, 512)
19 (1, 512, 513)
20 (27, 512, 539)
21 (1, 624, 625)
22 (49, 576, 625)
23 (81, 544, 625)
24 (1, 675, 676)
25 (1, 728, 729)
26 (25, 704, 729)
27 (104, 625, 729)
28 (200, 529, 729)
29 (1, 960, 961)
30 (343, 625, 968)
31 (1, 1024, 1025)
32 (5, 1024, 1029)
33 (1, 1215, 1216)
34 (8, 1323, 1331)
35 (81, 1250, 1331)
36 (243, 1088, 1331)
37 (640, 729, 1369)
38 (256, 1331, 1587)
39 (81, 1600, 1681)
40 (23, 2025, 2048)
41 (25, 2023, 2048)
42 (243, 1805, 2048)
43 (9, 2048, 2057)
44 (11, 2176, 2187)
45 (139, 2048, 2187)
46 (512, 1675, 2187)
47 (10, 2187, 2197)
48 (81, 2116, 2197)
49 (1, 2303, 2304)
50 (125, 2187, 2312)
51 (1, 2400, 2401)
52 (25, 2376, 2401)
53 (192, 2209, 2401)
54 (1024, 1377, 2401)
55 (99, 2401, 2500)
56 (625, 2048, 2673)
57 (1, 3024, 3025)
58 (875, 2197, 3072)
59 (53, 3072, 3125)
60 (128, 2997, 3125)
61 (11, 3125, 3136)
62 (1024, 2187, 3211)
63 (25, 3456, 3481)
64 (459, 3125, 3584)
65 (128, 3645, 3773)
66 (648, 3125, 3773)
67 (1, 3887, 3888)
68 (1, 3968, 3969)
69 (512, 3481, 3993)
70 (7, 3993, 4000)
71 (1, 4095, 4096)
72 (125, 3971, 4096)
73 (375, 3721, 4096)
74 (11, 4096, 4107)
75 (35, 4096, 4131)
76 (256, 3969, 4225)
77 (2048, 2187, 4235)
78 (1, 4374, 4375)
79 (49, 4864, 4913)
80 (128, 4913, 5041)
81 (17, 5103, 5120)
82 (2187, 3125, 5312)
83 (1331, 4096, 5427)
84 (7, 5625, 5632)
85 (2401, 3375, 5776)
86 (1, 5831, 5832)
87 (19, 6125, 6144)
88 (9, 6241, 6250)
89 (1, 6399, 6400)
90 (1, 6560, 6561)
91 (161, 6400, 6561)
92 (289, 6272, 6561)
93 (320, 6241, 6561)
94 (961, 5600, 6561)
95 (1024, 5537, 6561)
96 (2209, 4352, 6561)
97 (2401, 4160, 6561)
98 (64, 6561, 6625)
99 (64, 6591, 6655)
100 (1, 6655, 6656)
101 (784, 6075, 6859)
102 (1, 6859, 6860)
103 (16, 6859, 6875)
104 (53, 6859, 6912)
105 (1183, 6561, 7744)
106 (3087, 4913, 8000)
107 (19, 8000, 8019)
108 (9, 8183, 8192)
109 (11, 8181, 8192)
110 (1, 8575, 8576)
111 (343, 8405, 8748)
112 (16, 9245, 9261)
113 (1125, 8192, 9317)
114 (1183, 8192, 9375)
115 (1, 9375, 9376)
116 (1, 9408, 9409)
117 (1, 9800, 9801)
118 (25, 9801, 9826)
119 (3125, 6859, 9984)
120 (2197, 7803, 10000)
121 (1, 10647, 10648)
122 (1331, 9604, 10935)
123 (41, 10935, 10976)
124 (9, 10976, 10985)
125 (4096, 6889, 10985)
126 (2401, 9375, 11776)
127 (32, 11875, 11907)
128 (5120, 6859, 11979)
129 (27, 12005, 12032)
130 (125, 11907, 12032)
131 (17, 12150, 12167)
132 (162, 12005, 12167)
133 (1, 12167, 12168)
134 (121, 12167, 12288)
135 (512, 11881, 12393)
136 (2401, 10368, 12769)
137 (1, 14336, 14337)
138 (16, 14625, 14641)
139 (49, 14592, 14641)
140 (529, 14112, 14641)
141 (1519, 13122, 14641)
142 (1681, 12960, 14641)
143 (4913, 9728, 14641)
144 (98, 14641, 14739)
145 (243, 14641, 14884)
146 (4, 15125, 15129)
147 (2809, 12500, 15309)
148 (1, 15624, 15625)
149 (9, 15616, 15625)
150 (16, 15609, 15625)
151 (19, 15606, 15625)
152 (73, 15552, 15625)
153 (137, 15488, 15625)
154 (162, 15463, 15625)
155 (729, 14896, 15625)
156 (984, 14641, 15625)
157 (1369, 14256, 15625)
158 (1701, 13924, 15625)
159 (1936, 13689, 15625)
160 (4096, 11529, 15625)
161 (5041, 10584, 15625)
162 (6877, 8748, 15625)
163 (8, 15625, 15633)
164 (1, 16128, 16129)
165 (9, 16375, 16384)
166 (49, 16335, 16384)
167 (759, 15625, 16384)
168 (1075, 15309, 16384)
169 (2209, 14175, 16384)
170 (3159, 13225, 16384)
171 (9, 16384, 16393)
172 (2000, 14641, 16641)
173 (8192, 8575, 16767)
174 (40, 16767, 16807)
175 (423, 16384, 16807)
176 (2166, 14641, 16807)
177 (8019, 8788, 16807)
178 (3, 16807, 16810)
179 (68, 16807, 16875)
180 (491, 16384, 16875)
181 (121, 16807, 16928)
182 (1536, 15625, 17161)
183 (3125, 14283, 17408)
184 (5329, 12167, 17496)
185 (729, 16807, 17536)
186 (1, 17576, 17577)
187 (49, 18176, 18225)
188 (3584, 14641, 18225)
189 (4913, 13312, 18225)
190 (1875, 16384, 18259)
191 (1625, 16807, 18432)
192 (2187, 16384, 18571)
193 (2401, 16384, 18785)
194 (81, 19375, 19456)
195 (20, 19663, 19683)
196 (31, 19652, 19683)
197 (83, 19600, 19683)
198 (475, 19208, 19683)
199 (29, 19683, 19712)
200 (64, 19683, 19747)
201 (121, 19652, 19773)
202 (125, 19683, 19808)
203 (317, 19683, 20000)
204 (243, 20237, 20480)
205 (128, 20449, 20577)
206 (289, 20736, 21025)
207 (16, 21125, 21141)
208 (4489, 16807, 21296)
209 (23, 21609, 21632)
210 (243, 21632, 21875)
211 (1, 21951, 21952)
212 (32, 24025, 24057)
213 (7, 24057, 24064)
214 (1, 24299, 24300)
215 (11, 24565, 24576)
216 (2401, 22599, 25000)
217 (1, 25920, 25921)
218 (6728, 19683, 26411)
219 (8192, 19683, 27875)
220 (256, 27869, 28125)
221 (1, 28125, 28126)
222 (49, 28512, 28561)
223 (1125, 27436, 28561)
224 (6561, 22000, 28561)
225 (5, 28561, 28566)
226 (16, 28561, 28577)
227 (32, 28561, 28593)
228 (111, 28561, 28672)
229 (1, 29375, 29376)
230 (13778, 15625, 29403)
231 (10108, 19683, 29791)
232 (1, 29791, 29792)
233 (13122, 16807, 29929)
234 (13568, 16807, 30375)
235 (6561, 24064, 30625)
236 (351, 30625, 30976)
237 (14297, 16807, 31104)
238 (1, 31212, 31213)
239 (2209, 29791, 32000)
240 (7, 32761, 32768)
241 (125, 32643, 32768)
242 (8379, 24389, 32768)
243 (1, 32768, 32769)
244 (37, 32768, 32805)
245 (15625, 17303, 32928)
246 (507, 32768, 33275)
247 (125, 33489, 33614)
248 (1, 33614, 33615)
249 (32, 34263, 34295)
250 (16, 34375, 34391)
251 (128, 34263, 34391)
252 (1875, 32768, 34643)
253 (23, 34969, 34992)
254 (3721, 32000, 35721)
255 (15625, 20096, 35721)
256 (25, 35912, 35937)
257 (6561, 29791, 36352)
258 (8303, 28561, 36864)
259 (11, 36864, 36875)
260 (1024, 39601, 40625)
261 (7857, 32768, 40625)
262 (847, 40625, 41472)
263 (31, 41472, 41503)
264 (14641, 26912, 41553)
265 (243, 42632, 42875)
266 (19, 43904, 43923)
267 (2048, 41875, 43923)
268 (11449, 32768, 44217)
269 (20736, 24389, 45125)
270 (16384, 29241, 45625)
271 (11552, 34375, 45927)
272 (6859, 39366, 46225)
273 (4913, 41743, 46656)
274 (1, 49247, 49248)
275 (729, 49000, 49729)
276 (1, 50175, 50176)
277 (125, 50176, 50301)
278 (2048, 48373, 50421)
279 (1, 50624, 50625)
280 (896, 49729, 50625)
281 (28, 50625, 50653)
282 (232, 50421, 50653)
283 (1875, 48778, 50653)
284 (22528, 28125, 50653)
285 (19683, 31250, 50933)
286 (1331, 50653, 51984)
287 (10985, 41503, 52488)
288 (2197, 50625, 52822)
289 (637, 52488, 53125)
290 (2704, 50421, 53125)
291 (7168, 46875, 54043)
292 (16384, 38291, 54675)
293 (6912, 48013, 54925)
294 (1, 55296, 55297)
295 (3125, 52441, 55566)
296 (4913, 50653, 55566)
297 (19683, 36125, 55808)
298 (1, 57121, 57122)
299 (1, 58563, 58564)
300 (1, 59048, 59049)
301 (4, 59045, 59049)
302 (49, 59000, 59049)
303 (169, 58880, 59049)
304 (485, 58564, 59049)
305 (968, 58081, 59049)
306 (10000, 49049, 59049)
307 (13924, 45125, 59049)
308 (15488, 43561, 59049)
309 (15625, 43424, 59049)
310 (1, 59049, 59050)
311 (119, 59049, 59168)
312 (128, 59049, 59177)
313 (4096, 55223, 59319)
314 (56, 59319, 59375)
315 (343, 59049, 59392)
316 (1, 59535, 59536)
317 (4, 60021, 60025)
318 (121, 59904, 60025)
319 (976, 59049, 60025)
320 (1944, 58081, 60025)
321 (19683, 40817, 60500)
322 (1960, 59049, 61009)
323 (14641, 46875, 61516)
324 (49, 61952, 62001)
325 (2048, 60025, 62073)
326 (125, 62083, 62208)
327 (49, 62451, 62500)
328 (1, 63000, 63001)
329 (9, 64000, 64009)
330 (15625, 48384, 64009)
331 (2875, 61952, 64827)
332 (1, 65024, 65025)
333 (3, 65533, 65536)
334 (7, 65529, 65536)
335 (23, 65513, 65536)
336 (169, 65367, 65536)
337 (317, 65219, 65536)
338 (709, 64827, 65536)
339 (6487, 59049, 65536)
340 (7569, 57967, 65536)
341 (10611, 54925, 65536)
342 (89, 65536, 65625)
343 (513, 65536, 66049)
344 (7000, 59049, 66049)
345 (2048, 64827, 66875)
346 (625, 66603, 67228)
347 (1, 68607, 68608)
348 (800, 68121, 68921)
349 (49, 69120, 69169)
350 (3, 69629, 69632)
351 (6859, 63125, 69984)
352 (10609, 59375, 69984)
353 (2, 70225, 70227)
354 (1, 71874, 71875)
355 (13312, 59049, 72361)
356 (243, 72962, 73205)
357 (15625, 58806, 74431)
358 (361, 75264, 75625)
359 (31104, 44521, 75625)
360 (1, 76544, 76545)
361 (17, 77824, 77841)
362 (284, 77841, 78125)
363 (301, 77824, 78125)
364 (507, 77618, 78125)
365 (841, 77284, 78125)
366 (2349, 75776, 78125)
367 (9261, 68864, 78125)
368 (14256, 63869, 78125)
369 (29282, 48843, 78125)
370 (29791, 48334, 78125)
371 (36864, 41261, 78125)
372 (38759, 39366, 78125)
373 (16, 78125, 78141)
374 (121, 78125, 78246)
375 (243, 78125, 78368)
376 (607, 78125, 78732)
377 (625, 78608, 79233)
378 (775, 78732, 79507)
379 (4096, 75411, 79507)
380 (81, 79919, 80000)
381 (4913, 75087, 80000)
382 (2401, 78732, 81133)
383 (22201, 59049, 81250)
384 (729, 81191, 81920)
385 (1, 82943, 82944)
386 (1, 83520, 83521)
387 (172, 83349, 83521)
388 (577, 82944, 83521)
389 (1152, 82369, 83521)
390 (2401, 81120, 83521)
391 (25921, 57600, 83521)
392 (8192, 75843, 84035)
393 (2401, 81920, 84321)
394 (6561, 78608, 85169)
395 (15, 85169, 85184)
396 (7168, 78125, 85293)
397 (31250, 54043, 85293)
398 (512, 85293, 85805)
399 (2500, 83349, 85849)
400 (85, 87723, 87808)
401 (729, 87079, 87808)
402 (2125, 85683, 87808)
403 (14641, 73167, 87808)
404 (19683, 68125, 87808)
405 (1681, 86528, 88209)
406 (16384, 71825, 88209)
407 (729, 89383, 90112)
408 (6591, 83521, 90112)
409 (1, 90624, 90625)
410 (32768, 58357, 91125)
411 (11, 91125, 91136)
412 (35, 93312, 93347)
413 (8192, 85849, 94041)
414 (16807, 78125, 94932)
415 (1, 97199, 97200)
416 (16807, 81608, 98415)
417 (729, 99127, 99856)
418 (19, 99981, 100000)
419 (1, 101250, 101251)
420 (1331, 100000, 101331)
421 (529, 101871, 102400)
422 (87, 102400, 102487)
423 (5408, 98415, 103823)
424 (625, 103823, 104448)
425 (1, 105624, 105625)
426 (2673, 103823, 106496)
427 (1, 107648, 107649)
428 (5, 107648, 107653)
429 (128, 109375, 109503)
Elapsed: 6524.08768438
